87
90
66
99
222287
90
66
99
222287
90
66
99
222287
90
66
99
222287
90
66
99
222287
90
66
99
222287
90
66
99
222287
90
66
99
222287
90
66
99
222287
90
66
99
222287
90
66
99
222287
90
66
99
222287
90
66
99
222287
90
66
99
222287
90
66
99
222287
90
66
99
222287
90
66
99
222287
90
66
99
222287
90
66
99
222287
90
66
99
222287
90
66
99
222287
90
66
99
222287
90
66
99
222287
90
66
99
222287
90
66
99
222287
90
66
99
222287
90
66
99
222287
90
66
99
222287
90
66
99
222287
90
66
99
222287
90
66
99
222287
90
66
99
222287
90
66
99
222287
90
66
99
222287
90
66
99
222287
90
66
99
222287
90
66
99
222287
90
66
99
222287
90
66
99
222287
90
66
99
222287
90
66
99
222287
90
66
99
222287
90
66
99
222287
90
66
99
222287
90
66
99
222287
90
66
99
222287
90
66
99
222287
90
66
99
222287
90
66
99
222287
90
66
99
222287
90
66
99
222287
90
66
99
222287
90
66
99
222287
90
66
99
222287
90
66
99
222287
90
66
99
222287
90
66
99
222287
90
66
99
222287
90
66
99
222287
90
66
99
222287
90
66
99
222287
90
66
99
222287
90
66
99
222287
90
66
99
222287
90
66
99
222287
90
66
99
222287
90
66
99
222287
90
66
99
222287
90
66
99
222287
90
66
99
222287
90
66
99
222287
90
66
99
222287
90
66
99
222287
90
66
99
222287
90
66
99
222287
90
66
99
222287
90
66
99
222287
90
66
99
2222
